9 9 9 9 9 12 10 
9 9 9 9 9 10 12 
9 9 9 9 12 9 10 
9 9 9 9 12 10 9 
9 9 9 9 10 9 12 
9 9 9 9 10 12 9 
9 9 9 12 9 9 10 
9 9 9 12 9 10 9 
9 9 9 12 10 9 9 
9 9 9 15 15 10 
9 9 9 15 10 15 
9 9 9 10 9 9 12 
9 9 9 10 9 12 9 
9 9 9 10 12 9 9 
9 9 9 10 15 15 
9 9 9 10 10 10 10 
9 9 12 9 9 9 10 
9 9 12 9 9 10 9 
9 9 12 9 10 9 9 
9 9 12 12 15 10 
9 9 12 12 10 15 
9 9 12 15 12 10 
9 9 12 15 10 12 
9 9 12 10 9 9 9 
9 9 12 10 12 15 
9 9 12 10 15 12 
9 9 24 15 10 
9 9 24 10 15 
9 9 15 9 15 10 
9 9 15 9 10 15 
9 9 15 12 12 10 
9 9 15 12 10 12 
9 9 15 24 10 
9 9 15 15 9 10 
9 9 15 15 10 9 
9 9 15 10 9 15 
9 9 15 10 12 12 
9 9 15 10 24 
9 9 15 10 15 9 
9 9 10 9 9 9 12 
9 9 10 9 9 12 9 
9 9 10 9 12 9 9 
9 9 10 9 15 15 
9 9 10 9 10 10 10 
9 9 10 12 9 9 9 
9 9 10 12 12 15 
9 9 10 12 15 12 
9 9 10 24 15 
9 9 10 15 9 15 
9 9 10 15 12 12 
9 9 10 15 24 
9 9 10 15 15 9 
9 9 10 10 9 10 10 
9 9 10 10 10 9 10 
9 9 10 10 10 10 9 
9 12 9 9 9 9 10 
9 12 9 9 9 10 9 
9 12 9 9 10 9 9 
9 12 9 12 15 10 
9 12 9 12 10 15 
9 12 9 15 12 10 
9 12 9 15 10 12 
9 12 9 10 9 9 9 
9 12 9 10 12 15 
9 12 9 10 15 12 
9 12 12 9 15 10 
9 12 12 9 10 15 
9 12 12 12 12 10 
9 12 12 12 10 12 
9 12 12 24 10 
9 12 12 15 9 10 
9 12 12 15 10 9 
9 12 12 10 9 15 
9 12 12 10 12 12 
9 12 12 10 24 
9 12 12 10 15 9 
9 12 24 12 10 
9 12 24 10 12 
9 12 15 9 12 10 
9 12 15 9 10 12 
9 12 15 12 9 10 
9 12 15 12 10 9 
9 12 15 10 9 12 
9 12 15 10 12 9 
9 12 10 9 9 9 9 
9 12 10 9 12 15 
9 12 10 9 15 12 
9 12 10 12 9 15 
9 12 10 12 12 12 
9 12 10 12 24 
9 12 10 12 15 9 
9 12 10 24 12 
9 12 10 15 9 12 
9 12 10 15 12 9 
9 24 9 15 10 
9 24 9 10 15 
9 24 12 12 10 
9 24 12 10 12 
9 24 24 10 
9 24 15 9 10 
9 24 15 10 9 
9 24 10 9 15 
9 24 10 12 12 
9 24 10 24 
9 24 10 15 9 
9 15 9 9 15 10 
9 15 9 9 10 15 
9 15 9 12 12 10 
9 15 9 12 10 12 
9 15 9 24 10 
9 15 9 15 9 10 
9 15 9 15 10 9 
9 15 9 10 9 15 
9 15 9 10 12 12 
9 15 9 10 24 
9 15 9 10 15 9 
9 15 12 9 12 10 
9 15 12 9 10 12 
9 15 12 12 9 10 
9 15 12 12 10 9 
9 15 12 10 9 12 
9 15 12 10 12 9 
9 15 24 9 10 
9 15 24 10 9 
9 15 15 9 9 10 
9 15 15 9 10 9 
9 15 15 10 9 9 
9 15 10 9 9 15 
9 15 10 9 12 12 
9 15 10 9 24 
9 15 10 9 15 9 
9 15 10 12 9 12 
9 15 10 12 12 9 
9 15 10 24 9 
9 15 10 15 9 9 
9 10 9 9 9 9 12 
9 10 9 9 9 12 9 
9 10 9 9 12 9 9 
9 10 9 9 15 15 
9 10 9 9 10 10 10 
9 10 9 12 9 9 9 
9 10 9 12 12 15 
9 10 9 12 15 12 
9 10 9 24 15 
9 10 9 15 9 15 
9 10 9 15 12 12 
9 10 9 15 24 
9 10 9 15 15 9 
9 10 9 10 9 10 10 
9 10 9 10 10 9 10 
9 10 9 10 10 10 9 
9 10 12 9 9 9 9 
9 10 12 9 12 15 
9 10 12 9 15 12 
9 10 12 12 9 15 
9 10 12 12 12 12 
9 10 12 12 24 
9 10 12 12 15 9 
9 10 12 24 12 
9 10 12 15 9 12 
9 10 12 15 12 9 
9 10 24 9 15 
9 10 24 12 12 
9 10 24 24 
9 10 24 15 9 
9 10 15 9 9 15 
9 10 15 9 12 12 
9 10 15 9 24 
9 10 15 9 15 9 
9 10 15 12 9 12 
9 10 15 12 12 9 
9 10 15 24 9 
9 10 15 15 9 9 
9 10 10 9 9 10 10 
9 10 10 9 10 9 10 
9 10 10 9 10 10 9 
9 10 10 10 9 9 10 
9 10 10 10 9 10 9 
9 10 10 10 10 9 9 
12 9 9 9 9 9 10 
12 9 9 9 9 10 9 
12 9 9 9 10 9 9 
12 9 9 12 15 10 
12 9 9 12 10 15 
12 9 9 15 12 10 
12 9 9 15 10 12 
12 9 9 10 9 9 9 
12 9 9 10 12 15 
12 9 9 10 15 12 
12 9 12 9 15 10 
12 9 12 9 10 15 
12 9 12 12 12 10 
12 9 12 12 10 12 
12 9 12 24 10 
12 9 12 15 9 10 
12 9 12 15 10 9 
12 9 12 10 9 15 
12 9 12 10 12 12 
12 9 12 10 24 
12 9 12 10 15 9 
12 9 24 12 10 
12 9 24 10 12 
12 9 15 9 12 10 
12 9 15 9 10 12 
12 9 15 12 9 10 
12 9 15 12 10 9 
12 9 15 10 9 12 
12 9 15 10 12 9 
12 9 10 9 9 9 9 
12 9 10 9 12 15 
12 9 10 9 15 12 
12 9 10 12 9 15 
12 9 10 12 12 12 
12 9 10 12 24 
12 9 10 12 15 9 
12 9 10 24 12 
12 9 10 15 9 12 
12 9 10 15 12 9 
12 12 9 9 15 10 
12 12 9 9 10 15 
12 12 9 12 12 10 
12 12 9 12 10 12 
12 12 9 24 10 
12 12 9 15 9 10 
12 12 9 15 10 9 
12 12 9 10 9 15 
12 12 9 10 12 12 
12 12 9 10 24 
12 12 9 10 15 9 
12 12 12 9 12 10 
12 12 12 9 10 12 
12 12 12 12 9 10 
12 12 12 12 10 9 
12 12 12 10 9 12 
12 12 12 10 12 9 
12 12 24 9 10 
12 12 24 10 9 
12 12 15 9 9 10 
12 12 15 9 10 9 
12 12 15 10 9 9 
12 12 10 9 9 15 
12 12 10 9 12 12 
12 12 10 9 24 
12 12 10 9 15 9 
12 12 10 12 9 12 
12 12 10 12 12 9 
12 12 10 24 9 
12 12 10 15 9 9 
12 24 9 12 10 
12 24 9 10 12 
12 24 12 9 10 
12 24 12 10 9 
12 24 10 9 12 
12 24 10 12 9 
12 15 9 9 12 10 
12 15 9 9 10 12 
12 15 9 12 9 10 
12 15 9 12 10 9 
12 15 9 10 9 12 
12 15 9 10 12 9 
12 15 12 9 9 10 
12 15 12 9 10 9 
12 15 12 10 9 9 
12 15 15 15 10 
12 15 15 10 15 
12 15 10 9 9 12 
12 15 10 9 12 9 
12 15 10 12 9 9 
12 15 10 15 15 
12 15 10 10 10 10 
12 10 9 9 9 9 9 
12 10 9 9 12 15 
12 10 9 9 15 12 
12 10 9 12 9 15 
12 10 9 12 12 12 
12 10 9 12 24 
12 10 9 12 15 9 
12 10 9 24 12 
12 10 9 15 9 12 
12 10 9 15 12 9 
12 10 12 9 9 15 
12 10 12 9 12 12 
12 10 12 9 24 
12 10 12 9 15 9 
12 10 12 12 9 12 
12 10 12 12 12 9 
12 10 12 24 9 
12 10 12 15 9 9 
12 10 24 9 12 
12 10 24 12 9 
12 10 15 9 9 12 
12 10 15 9 12 9 
12 10 15 12 9 9 
12 10 15 15 15 
12 10 15 10 10 10 
12 10 10 15 10 10 
12 10 10 10 15 10 
12 10 10 10 10 15 
24 9 9 15 10 
24 9 9 10 15 
24 9 12 12 10 
24 9 12 10 12 
24 9 24 10 
24 9 15 9 10 
24 9 15 10 9 
24 9 10 9 15 
24 9 10 12 12 
24 9 10 24 
24 9 10 15 9 
24 12 9 12 10 
24 12 9 10 12 
24 12 12 9 10 
24 12 12 10 9 
24 12 10 9 12 
24 12 10 12 9 
24 24 9 10 
24 24 10 9 
24 15 9 9 10 
24 15 9 10 9 
24 15 10 9 9 
24 10 9 9 15 
24 10 9 12 12 
24 10 9 24 
24 10 9 15 9 
24 10 12 9 12 
24 10 12 12 9 
24 10 24 9 
24 10 15 9 9 
15 9 9 9 15 10 
15 9 9 9 10 15 
15 9 9 12 12 10 
15 9 9 12 10 12 
15 9 9 24 10 
15 9 9 15 9 10 
15 9 9 15 10 9 
15 9 9 10 9 15 
15 9 9 10 12 12 
15 9 9 10 24 
15 9 9 10 15 9 
15 9 12 9 12 10 
15 9 12 9 10 12 
15 9 12 12 9 10 
15 9 12 12 10 9 
15 9 12 10 9 12 
15 9 12 10 12 9 
15 9 24 9 10 
15 9 24 10 9 
15 9 15 9 9 10 
15 9 15 9 10 9 
15 9 15 10 9 9 
15 9 10 9 9 15 
15 9 10 9 12 12 
15 9 10 9 24 
15 9 10 9 15 9 
15 9 10 12 9 12 
15 9 10 12 12 9 
15 9 10 24 9 
15 9 10 15 9 9 
15 12 9 9 12 10 
15 12 9 9 10 12 
15 12 9 12 9 10 
15 12 9 12 10 9 
15 12 9 10 9 12 
15 12 9 10 12 9 
15 12 12 9 9 10 
15 12 12 9 10 9 
15 12 12 10 9 9 
15 12 15 15 10 
15 12 15 10 15 
15 12 10 9 9 12 
15 12 10 9 12 9 
15 12 10 12 9 9 
15 12 10 15 15 
15 12 10 10 10 10 
15 24 9 9 10 
15 24 9 10 9 
15 24 10 9 9 
15 15 9 9 9 10 
15 15 9 9 10 9 
15 15 9 10 9 9 
15 15 12 15 10 
15 15 12 10 15 
15 15 15 12 10 
15 15 15 10 12 
15 15 10 9 9 9 
15 15 10 12 15 
15 15 10 15 12 
15 10 9 9 9 15 
15 10 9 9 12 12 
15 10 9 9 24 
15 10 9 9 15 9 
15 10 9 12 9 12 
15 10 9 12 12 9 
15 10 9 24 9 
15 10 9 15 9 9 
15 10 12 9 9 12 
15 10 12 9 12 9 
15 10 12 12 9 9 
15 10 12 15 15 
15 10 12 10 10 10 
15 10 24 9 9 
15 10 15 9 9 9 
15 10 15 12 15 
15 10 15 15 12 
15 10 10 12 10 10 
15 10 10 10 12 10 
15 10 10 10 10 12 
10 9 9 9 9 9 12 
10 9 9 9 9 12 9 
10 9 9 9 12 9 9 
10 9 9 9 15 15 
10 9 9 9 10 10 10 
10 9 9 12 9 9 9 
10 9 9 12 12 15 
10 9 9 12 15 12 
10 9 9 24 15 
10 9 9 15 9 15 
10 9 9 15 12 12 
10 9 9 15 24 
10 9 9 15 15 9 
10 9 9 10 9 10 10 
10 9 9 10 10 9 10 
10 9 9 10 10 10 9 
10 9 12 9 9 9 9 
10 9 12 9 12 15 
10 9 12 9 15 12 
10 9 12 12 9 15 
10 9 12 12 12 12 
10 9 12 12 24 
10 9 12 12 15 9 
10 9 12 24 12 
10 9 12 15 9 12 
10 9 12 15 12 9 
10 9 24 9 15 
10 9 24 12 12 
10 9 24 24 
10 9 24 15 9 
10 9 15 9 9 15 
10 9 15 9 12 12 
10 9 15 9 24 
10 9 15 9 15 9 
10 9 15 12 9 12 
10 9 15 12 12 9 
10 9 15 24 9 
10 9 15 15 9 9 
10 9 10 9 9 10 10 
10 9 10 9 10 9 10 
10 9 10 9 10 10 9 
10 9 10 10 9 9 10 
10 9 10 10 9 10 9 
10 9 10 10 10 9 9 
10 12 9 9 9 9 9 
10 12 9 9 12 15 
10 12 9 9 15 12 
10 12 9 12 9 15 
10 12 9 12 12 12 
10 12 9 12 24 
10 12 9 12 15 9 
10 12 9 24 12 
10 12 9 15 9 12 
10 12 9 15 12 9 
10 12 12 9 9 15 
10 12 12 9 12 12 
10 12 12 9 24 
10 12 12 9 15 9 
10 12 12 12 9 12 
10 12 12 12 12 9 
10 12 12 24 9 
10 12 12 15 9 9 
10 12 24 9 12 
10 12 24 12 9 
10 12 15 9 9 12 
10 12 15 9 12 9 
10 12 15 12 9 9 
10 12 15 15 15 
10 12 15 10 10 10 
10 12 10 15 10 10 
10 12 10 10 15 10 
10 12 10 10 10 15 
10 24 9 9 15 
10 24 9 12 12 
10 24 9 24 
10 24 9 15 9 
10 24 12 9 12 
10 24 12 12 9 
10 24 24 9 
10 24 15 9 9 
10 15 9 9 9 15 
10 15 9 9 12 12 
10 15 9 9 24 
10 15 9 9 15 9 
10 15 9 12 9 12 
10 15 9 12 12 9 
10 15 9 24 9 
10 15 9 15 9 9 
10 15 12 9 9 12 
10 15 12 9 12 9 
10 15 12 12 9 9 
10 15 12 15 15 
10 15 12 10 10 10 
10 15 24 9 9 
10 15 15 9 9 9 
10 15 15 12 15 
10 15 15 15 12 
10 15 10 12 10 10 
10 15 10 10 12 10 
10 15 10 10 10 12 
10 10 9 9 9 10 10 
10 10 9 9 10 9 10 
10 10 9 9 10 10 9 
10 10 9 10 9 9 10 
10 10 9 10 9 10 9 
10 10 9 10 10 9 9 
10 10 12 15 10 10 
10 10 12 10 15 10 
10 10 12 10 10 15 
10 10 15 12 10 10 
10 10 15 10 12 10 
10 10 15 10 10 12 
10 10 10 9 9 9 10 
10 10 10 9 9 10 9 
10 10 10 9 10 9 9 
10 10 10 12 15 10 
10 10 10 12 10 15 
10 10 10 15 12 10 
10 10 10 15 10 12 
10 10 10 10 9 9 9 
10 10 10 10 12 15 
10 10 10 10 15 12 
